
1-> 2 6 7 10 3 11 15 12 103 21 8 22 20 29 23 28 9 19 30 24 31 16 27 32 18 17 25 33 26 36 104 37 5 4 40 14 13 45 41 49 44 48 42 43 47 35 50 34 46 51 55 52 54 56 53 57 39 38 58 59 105 62 63 64 61 60 67 68 71 72 69 73 70 77 78 74 76 79 82 80 75 83 84 81 66 65 85 86 89 90 91 92 87 88 93 96 97 98 99 101 94 102 95 100
2-> 1 6 7 10 11 3 15 12 103 21 22 8 20 29 23 28 30 9 19 24 31 16 27 32 18 33 25 17 26 36 104 37 5 40 4 14 13 45 49 41 44 48 42 43 47 35 50 34 46 51 55 52 54 56 53 57 39 58 38 59 105 62 63 64 61 60 67 68 71 72 69 73 70 77 78 74 76 79 82 80 75 83 84 81 66 65 85 86 89 90 91 92 87 88 93 96 97 98 99 101 102 94 95 100
3-> 8 2 12 1 6 7 10 9 11 15 103 20 16 19 23 21 24 28 18 22 17 27 29 25 26 30 31 33 32 5 36 4 14 37 13 104 40 35 34 41 42 45 44 43 48 47 49 46 50 51 39 52 38 55 54 53 56 57 58 59 105 62 63 61 60 64 67 68 69 71 70 72 73 74 65 77 76 66 75 78 79 80 81 82 84 83 85 86 89 90 87 88 91 93 92 96 98 97 99 94 95 101 102 100
4-> 5 13 14 9 8 17 34 35 16 18 25 26 3 19 24 27 12 37 38 36 39 20 23 28 33 103 15 2 6 7 1 30 10 21 11 22 29 42 31 32 41 43 104 46 44 52 47 53 51 40 45 58 54 48 57 60 50 49 61 55 56 63 105 62 59 65 66 64 70 69 74 75 73 81 76 67 80 72 68 77 87 71 79 88 78 82 84 86 83 90 89 85 94 95 93 99 98 100 91 92 96 97 101 102
5-> 4 13 14 9 8 17 34 16 18 35 25 26 19 3 24 27 12 37 36 38 20 23 39 28 33 103 15 30 6 7 2 1 10 21 11 22 29 31 42 32 41 104 43 46 44 52 47 53 51 40 45 58 54 48 50 57 49 60 55 61 56 63 105 62 59 65 66 64 70 69 74 75 73 81 67 76 72 80 68 77 71 79 87 88 78 82 84 83 86 90 89 85 94 95 93 99 98 91 100 92 96 97 101 102
6-> 7 2 10 1 11 3 15 12 103 21 22 20 29 23 28 8 30 19 31 24 32 27 9 16 33 18 25 17 26 36 104 37 40 5 45 14 4 49 41 44 48 13 42 47 43 50 51 35 46 55 34 52 54 56 53 57 58 59 39 38 105 62 63 64 67 61 60 68 71 72 69 73 77 78 70 74 76 79 82 80 75 83 84 81 66 65 85 86 89 90 91 92 93 87 88 96 97 98 99 101 102 94 95 100
7-> 6 10 2 11 1 15 3 12 103 21 22 29 20 23 28 30 8 31 19 32 24 27 16 9 33 18 25 26 17 36 104 37 40 45 5 14 49 41 44 48 4 13 42 47 43 50 51 46 55 35 34 52 54 56 53 57 58 59 39 38 105 62 63 64 67 61 60 68 71 72 69 73 77 78 70 74 76 79 82 80 75 83 84 81 66 65 85 86 89 90 91 92 93 88 87 96 97 98 99 101 102 94 95 100
8-> 9 3 16 12 17 18 19 25 24 26 27 20 23 103 15 28 7 6 10 11 2 5 1 21 22 14 30 33 29 4 13 31 36 32 37 35 34 104 41 42 40 43 44 39 38 45 46 47 48 52 51 49 50 53 54 55 58 57 56 59 105 62 63 60 61 64 69 65 70 67 66 68 74 73 72 71 75 76 77 81 80 79 78 82 84 83 86 85 87 89 88 90 93 91 92 94 95 98 99 96 97 100 101 102
9-> 8 17 16 18 3 12 25 19 26 24 5 27 14 20 4 23 13 28 103 15 7 6 10 11 33 2 21 1 30 22 36 37 29 31 32 35 34 104 41 42 39 38 43 44 40 46 45 47 52 48 51 49 53 50 54 58 55 57 56 105 59 60 61 62 63 64 65 66 69 70 67 74 73 68 75 72 76 71 81 77 80 79 78 82 84 83 86 85 87 88 89 90 93 91 92 94 95 98 99 96 97 100 101 102
10-> 11 7 6 15 2 21 103 1 12 22 29 20 3 23 28 30 31 32 19 24 27 8 33 16 18 25 9 26 17 36 104 37 40 45 49 48 44 41 47 50 14 5 42 43 51 55 13 46 4 54 52 56 35 34 57 53 59 58 39 105 38 62 63 64 67 68 61 71 60 72 69 73 77 78 70 76 79 74 82 80 75 83 84 81 85 66 65 86 89 90 91 92 93 88 87 96 97 98 99 101 102 94 95 100
11-> 10 7 15 6 21 103 22 2 12 29 1 20 23 3 28 30 31 32 19 24 27 33 8 16 18 25 26 9 17 36 104 40 37 45 49 48 44 41 47 50 42 43 14 5 51 55 46 13 4 54 52 56 35 57 53 34 59 58 39 105 38 62 63 64 67 68 61 71 60 72 69 73 77 78 70 76 79 82 74 80 75 83 84 81 85 66 65 86 89 90 91 92 93 88 87 96 97 98 99 101 102 94 95 100
12-> 20 103 15 19 23 24 28 27 16 21 11 3 8 10 22 29 18 30 7 25 6 26 17 9 31 33 32 2 1 36 37 104 40 14 5 41 13 45 44 42 4 43 35 48 47 49 34 46 50 51 52 55 54 53 39 56 57 38 58 59 105 62 63 61 60 64 67 68 69 71 70 72 73 74 77 76 75 78 79 66 65 80 81 82 84 83 85 86 89 90 87 88 91 93 92 96 98 97 99 94 95 101 102 100
13-> 14 5 4 34 35 17 9 18 25 16 26 8 38 39 37 19 24 27 36 12 3 20 23 33 28 42 41 103 43 30 15 46 104 31 21 22 29 32 44 52 11 10 47 7 6 53 2 51 1 58 45 54 60 40 61 48 57 50 49 55 56 63 62 105 65 59 66 70 64 69 74 75 73 81 76 67 80 72 87 68 77 88 71 79 78 84 82 86 83 90 89 85 94 95 93 99 100 98 91 92 96 97 101 102
14-> 13 5 4 34 35 17 9 18 25 16 26 8 37 38 39 19 24 27 36 12 20 33 23 28 3 42 41 103 43 30 15 31 104 46 21 22 29 32 44 52 11 10 47 7 53 6 51 2 1 58 45 54 40 48 60 57 61 50 49 55 56 63 62 105 59 65 66 70 64 69 74 75 73 81 76 67 80 72 68 77 87 71 79 88 78 84 82 86 83 90 89 85 94 95 93 99 98 100 91 92 96 97 101 102
15-> 103 21 22 11 29 10 20 23 12 28 30 31 7 32 6 19 24 27 33 3 2 1 16 18 25 26 8 17 9 36 104 37 40 45 49 44 41 48 47 42 50 43 51 46 55 14 54 52 56 5 13 35 53 57 4 34 58 59 39 105 38 62 63 64 67 61 68 60 71 72 69 73 77 70 78 74 76 79 82 80 75 83 84 81 66 65 85 86 89 90 91 92 93 88 87 96 97 98 99 101 102 94 95 100
16-> 18 25 17 26 19 24 27 12 8 9 20 23 28 33 36 103 37 30 15 21 22 31 29 3 32 14 11 10 104 13 7 6 35 5 34 41 42 2 1 4 43 44 40 46 45 47 39 38 52 48 51 49 50 53 54 55 58 57 56 105 59 62 63 60 61 64 69 70 67 65 66 74 68 73 72 71 75 76 77 81 80 79 78 82 84 83 86 85 89 87 90 88 93 91 92 94 98 95 99 96 97 100 101 102
17-> 18 16 25 26 19 24 27 9 8 12 37 36 20 23 28 33 14 103 30 13 3 15 35 31 21 22 29 32 5 34 104 4 11 10 41 42 7 6 43 39 44 38 2 46 1 40 47 45 52 51 48 53 54 49 50 58 57 55 56 105 59 62 63 60 61 64 65 66 69 70 67 74 73 68 75 72 76 71 81 80 77 79 78 82 84 83 86 85 87 88 89 90 93 91 92 94 95 98 99 96 97 100 101 102
18-> 25 16 26 17 19 24 27 20 12 23 28 36 33 8 9 37 103 30 31 15 21 22 29 32 3 14 104 35 11 13 10 41 34 42 7 5 6 43 44 4 40 46 2 47 45 39 1 38 52 51 48 53 49 50 54 58 55 57 56 105 59 62 63 60 61 64 69 70 65 66 67 74 73 68 72 75 76 71 81 77 80 79 78 82 84 83 86 85 87 89 88 90 93 91 92 94 95 98 99 96 97 100 101 102
19-> 24 27 16 18 25 26 20 23 28 12 17 33 103 30 31 21 22 15 29 36 32 8 9 37 11 10 3 104 7 6 41 2 40 42 1 44 14 43 45 35 47 13 46 48 34 5 49 51 52 50 4 54 53 39 55 38 57 58 56 59 105 62 63 61 60 64 67 69 70 68 73 71 74 72 65 66 76 75 77 80 81 79 78 82 84 83 86 85 89 90 87 88 91 93 92 98 96 99 94 97 95 101 102 100
20-> 23 28 103 30 21 22 19 29 24 15 27 12 31 33 32 16 18 25 11 26 10 17 7 36 8 6 3 104 9 37 2 1 40 45 41 44 48 42 49 43 47 50 46 51 14 55 52 54 35 13 53 56 57 34 5 58 4 39 59 38 105 62 63 64 61 60 67 68 69 71 72 70 73 74 77 76 78 79 75 80 82 81 66 65 84 83 85 86 89 90 87 88 91 92 93 96 97 98 99 94 95 101 102 100
21-> 22 29 103 15 30 20 23 31 28 32 11 10 12 33 19 24 27 7 6 16 18 25 26 3 2 104 1 17 36 8 40 9 37 45 49 48 44 41 47 50 43 42 51 55 46 54 56 52 57 53 14 59 58 35 13 5 34 105 39 4 38 62 63 64 67 68 71 61 60 72 69 73 77 78 70 76 74 79 82 80 75 83 84 81 85 66 65 86 89 90 91 92 93 88 87 96 97 98 99 101 102 94 95 100
22-> 21 29 103 30 15 31 23 20 32 28 11 33 10 12 24 19 27 7 6 16 18 25 26 104 3 2 36 17 1 40 8 37 9 45 49 48 44 41 50 47 43 42 51 55 46 54 56 52 57 53 59 58 14 35 105 13 34 5 39 4 38 62 63 64 67 68 71 61 60 72 69 73 77 78 70 76 79 74 82 80 75 83 84 81 85 66 65 86 89 90 91 92 93 88 87 96 97 98 99 101 102 94 95 100
23-> 28 20 103 30 22 29 21 24 27 31 19 33 15 32 12 16 25 26 18 11 10 17 36 104 7 8 6 37 3 9 40 2 1 45 41 44 48 49 42 43 47 50 46 51 55 52 54 14 35 53 56 57 13 34 58 5 39 59 4 38 105 62 63 64 61 60 67 68 69 71 72 70 73 74 77 76 78 79 75 80 82 81 66 84 65 83 85 86 89 90 87 88 91 92 93 96 97 98 99 94 95 101 102 100
24-> 27 19 25 26 18 16 23 28 20 33 17 12 103 30 31 36 22 29 21 32 15 37 8 9 104 11 10 3 7 6 41 40 42 44 43 45 2 14 1 47 35 46 48 13 49 34 51 52 50 5 54 53 55 39 4 38 57 58 56 59 105 62 63 61 60 64 67 69 70 68 73 71 74 72 65 66 76 75 77 80 81 79 78 82 84 83 86 85 89 90 87 88 91 93 92 98 96 99 94 97 95 101 102 100
25-> 26 18 16 17 24 27 19 36 37 33 23 28 20 12 8 9 103 30 31 32 22 29 21 15 104 14 3 35 41 42 11 13 34 10 43 44 7 5 6 40 46 47 45 39 4 38 52 2 51 48 1 53 49 50 54 58 55 57 56 105 59 62 63 60 61 64 69 70 65 66 67 74 73 68 72 75 76 71 81 77 80 79 78 82 84 83 86 85 87 89 90 88 93 91 92 94 95 98 99 96 97 100 101 102
26-> 25 18 16 17 27 24 19 36 37 33 28 23 20 12 8 9 30 103 31 32 29 22 21 15 104 41 14 35 42 3 34 43 13 11 44 10 46 40 47 7 45 5 39 6 52 38 51 48 4 53 2 49 54 50 1 58 55 57 56 105 59 62 63 61 60 64 69 70 65 66 67 74 73 68 72 75 76 71 81 77 80 79 78 82 84 83 86 85 89 87 90 88 93 91 92 94 95 98 99 96 97 100 101 102
27-> 24 19 26 25 18 28 16 23 20 33 17 30 12 103 36 31 32 29 22 21 37 15 8 104 9 11 10 3 41 7 40 42 44 6 43 45 47 46 14 48 2 35 1 49 51 52 34 50 13 54 53 55 5 39 57 58 38 56 4 59 105 62 63 61 60 64 67 69 70 68 73 74 71 72 76 66 65 75 77 80 81 79 78 82 84 83 86 85 89 90 87 88 91 93 92 98 96 99 94 97 95 101 102 100
28-> 23 20 30 103 33 31 29 22 27 24 21 19 32 15 12 16 26 25 18 11 36 10 17 104 37 7 8 6 3 40 9 45 2 41 44 1 48 49 42 43 47 50 46 51 55 52 54 56 53 14 35 57 58 34 13 5 59 39 105 38 4 62 63 64 61 60 67 68 69 71 72 70 73 74 77 76 78 79 75 80 82 81 84 66 83 65 85 86 89 90 88 87 91 92 93 96 97 98 99 94 95 101 102 100
29-> 22 21 30 31 103 32 15 28 23 20 33 11 12 10 24 27 19 7 6 16 25 26 18 104 36 40 17 3 2 1 8 37 45 49 9 48 44 41 50 47 43 42 51 55 46 54 56 52 57 53 59 58 14 35 105 34 13 5 39 38 4 62 63 64 67 68 71 61 72 60 69 73 77 78 70 76 79 74 82 80 75 83 84 81 85 66 86 65 89 90 91 92 93 88 87 96 97 98 99 101 102 95 94 100
30-> 31 32 29 28 22 23 21 20 103 33 15 27 24 19 12 11 104 10 26 25 16 18 36 40 17 7 37 6 45 8 3 49 44 48 41 2 9 1 47 50 43 42 51 46 55 54 52 56 57 53 58 59 35 14 105 34 13 39 5 38 4 62 63 64 67 68 61 71 60 69 72 73 70 77 78 74 76 79 82 80 75 84 83 81 66 65 85 86 89 90 91 92 93 88 87 96 97 98 99 101 94 95 102 100
31-> 32 30 29 22 28 21 23 33 103 20 15 27 24 19 104 12 11 10 40 26 36 25 16 18 45 37 7 17 49 6 48 44 41 50 47 3 8 43 2 42 51 55 1 9 46 54 56 52 57 53 59 58 105 35 14 34 39 13 38 62 5 63 4 64 67 68 71 61 72 69 60 73 77 70 78 76 74 79 82 80 75 83 84 81 85 66 86 65 89 90 91 92 93 88 87 96 97 98 99 101 102 95 94 100
32-> 31 30 29 22 28 33 21 23 103 20 15 27 24 104 19 40 12 11 36 10 26 25 18 16 45 49 37 48 7 44 17 6 41 50 47 43 55 51 42 3 8 2 46 54 56 1 9 52 57 53 59 58 105 35 14 34 39 38 13 62 63 5 64 4 67 68 71 72 61 69 60 73 77 78 70 76 79 74 82 80 75 83 84 81 85 86 66 65 89 90 91 92 93 88 87 96 97 98 99 101 102 95 94 100
33-> 28 30 31 23 27 32 24 20 19 29 36 103 22 104 21 26 25 18 16 37 15 12 17 40 45 41 44 11 48 42 43 10 47 49 46 50 8 51 9 7 52 55 54 6 3 53 56 57 58 2 35 1 59 34 14 39 105 38 13 5 62 63 4 64 61 60 67 68 69 71 70 72 73 74 77 76 75 79 78 80 81 82 66 65 84 83 85 86 89 90 88 87 91 93 92 96 98 97 99 94 95 101 102 100
34-> 35 38 39 14 13 37 17 26 36 25 18 42 5 16 4 41 43 27 24 9 19 46 52 8 33 53 44 60 47 104 58 61 28 51 23 20 12 54 30 57 31 45 103 32 48 40 29 50 22 21 63 3 15 55 62 49 56 65 66 105 11 10 7 59 6 2 70 1 69 64 74 75 81 73 76 87 80 88 67 72 68 77 79 71 90 78 86 84 89 82 83 94 85 95 93 99 100 98 91 92 96 97 101 102
35-> 34 38 39 14 13 37 17 36 26 25 42 18 16 41 43 5 27 4 46 24 19 52 9 44 53 33 8 47 104 58 60 51 28 61 23 20 54 12 57 30 45 31 103 32 48 40 50 29 22 21 63 55 15 3 62 49 56 65 105 66 11 10 59 7 6 70 2 69 1 64 74 75 81 73 76 80 87 67 72 88 68 77 79 71 78 84 90 86 82 89 83 85 94 95 93 99 100 98 91 92 96 97 101 102
36-> 37 26 33 41 104 27 25 42 24 18 43 19 44 16 17 28 46 23 47 30 20 31 32 52 45 40 51 48 53 103 29 54 22 35 50 12 21 58 49 39 57 55 34 15 38 56 8 9 14 11 13 105 10 59 3 62 63 7 6 5 61 4 60 2 1 64 69 70 67 74 73 66 65 68 72 75 76 71 81 77 80 79 78 82 84 83 86 85 89 90 87 88 93 91 92 98 94 99 95 96 97 100 101 102
37-> 36 26 42 41 25 18 43 27 33 104 24 17 16 19 44 46 47 35 52 28 23 39 51 20 34 53 30 45 31 38 32 40 54 48 58 103 50 57 12 29 22 14 21 49 55 9 8 15 13 56 105 11 59 62 10 63 5 3 61 60 4 7 6 2 64 1 69 70 65 66 74 73 67 75 68 76 72 81 80 71 77 79 78 82 84 83 86 85 87 88 89 90 93 91 92 94 95 98 99 96 97 100 101 102
38-> 39 35 34 42 37 60 43 61 41 46 36 52 14 53 13 58 26 44 25 47 17 51 18 54 57 16 63 104 27 65 24 66 19 62 33 5 45 48 4 50 55 9 56 40 28 105 23 20 8 49 30 31 32 70 12 69 103 59 29 74 22 21 64 75 15 81 73 87 76 88 80 3 72 11 67 10 77 68 79 7 90 71 6 89 86 84 78 82 2 94 83 1 95 85 100 99 93 98 91 92 96 97 101 102
39-> 38 35 34 42 37 43 60 41 46 61 52 36 53 58 14 44 47 13 26 51 25 54 17 18 57 63 104 16 27 65 62 24 33 66 19 45 48 50 55 56 105 40 5 28 23 4 49 9 20 30 31 32 70 8 59 12 69 103 74 29 64 22 21 75 81 15 73 87 76 80 88 3 72 67 77 11 68 79 10 71 90 7 89 86 6 78 84 82 83 94 2 1 95 85 99 93 100 98 91 92 96 97 101 102
40-> 45 49 48 104 50 55 44 47 56 51 54 41 32 57 33 59 43 31 46 52 36 30 53 42 105 58 28 29 37 23 22 27 21 20 24 103 19 26 25 15 62 18 16 64 63 12 17 11 67 10 68 71 72 39 69 7 73 77 78 35 6 38 79 76 8 82 70 74 80 9 84 83 75 34 3 61 81 2 60 85 1 86 14 13 66 65 89 90 5 91 92 93 4 88 96 87 97 98 99 101 102 95 94 100
41-> 43 42 46 44 47 52 51 53 54 104 36 37 58 57 45 48 50 55 40 56 49 33 105 39 26 27 62 59 25 63 24 32 38 31 18 28 19 30 35 23 17 16 20 34 29 22 61 103 21 60 64 12 15 69 70 74 14 67 73 75 9 68 8 76 72 66 13 65 81 80 71 77 11 10 79 78 82 84 3 7 83 6 86 5 85 4 2 89 90 1 87 88 93 91 92 98 99 94 95 96 97 100 101 102
42-> 43 41 46 52 44 53 47 51 37 58 36 54 57 104 45 48 50 39 55 40 56 38 49 33 105 26 62 63 35 25 27 24 18 34 59 19 17 61 32 28 16 31 60 30 23 20 29 64 22 103 21 69 70 14 12 15 66 74 65 13 73 75 9 67 76 8 81 72 68 80 77 71 79 11 10 78 5 82 84 3 83 86 7 4 6 85 89 90 87 88 2 1 93 91 92 94 95 98 99 96 97 100 101 102
43-> 46 41 42 52 44 47 53 51 54 58 57 104 45 48 36 37 50 55 56 40 49 105 62 63 39 33 59 38 26 27 25 24 32 35 31 18 28 61 30 19 23 60 17 64 16 34 20 29 69 22 70 103 21 74 73 67 75 12 66 76 15 72 68 65 81 80 77 14 71 79 13 9 8 78 82 84 11 83 10 86 85 3 7 89 90 5 6 87 88 4 2 1 93 91 92 98 99 94 95 96 97 100 101 102
44-> 47 51 41 43 46 54 52 45 48 104 50 42 53 57 55 58 40 56 49 36 37 105 59 33 62 63 32 31 27 30 26 28 24 25 23 19 39 64 18 20 29 22 16 38 103 21 17 35 61 69 67 70 15 60 34 68 73 12 74 72 71 76 75 77 80 81 79 78 11 82 66 84 65 10 83 8 9 14 86 85 13 7 6 3 89 90 2 5 1 88 87 4 93 91 92 98 99 96 97 94 95 101 102 100
45-> 48 40 50 49 55 44 104 47 51 56 54 57 41 43 46 59 52 53 105 58 42 36 33 32 31 37 30 62 28 29 27 23 22 63 24 20 64 21 26 19 103 25 18 67 15 16 68 17 71 72 12 69 39 73 77 70 76 78 74 79 11 38 80 82 75 35 10 61 84 81 83 60 34 85 86 8 7 9 6 66 3 65 14 2 89 1 13 90 91 92 93 5 88 87 4 96 97 98 99 101 102 95 94 100
46-> 43 52 53 41 42 47 44 51 58 54 57 48 45 50 55 104 56 37 36 105 40 49 62 63 59 39 33 38 61 26 64 60 27 25 35 32 24 31 18 30 28 69 19 70 34 23 17 16 74 20 73 29 67 75 76 22 66 72 68 81 103 65 80 21 77 71 79 12 15 78 82 84 14 83 86 13 9 8 85 11 89 10 90 88 87 3 7 5 6 4 93 2 91 1 92 98 99 94 95 96 97 100 101 102
47-> 44 51 54 46 43 52 41 57 53 48 45 50 55 58 42 56 104 49 40 105 59 36 37 62 63 33 32 64 31 27 30 26 28 39 24 25 23 19 18 29 69 20 38 67 61 22 70 73 16 68 21 103 74 17 60 72 35 76 71 75 77 80 81 79 34 15 78 12 82 84 66 83 65 86 85 11 10 8 14 9 89 13 90 7 6 3 88 87 93 2 91 5 1 92 4 98 99 96 97 95 94 101 102 100
48-> 45 50 49 55 40 56 47 44 51 54 104 57 59 41 46 105 43 52 53 58 42 36 33 32 62 37 31 63 30 64 28 29 27 23 67 22 24 20 21 68 26 19 103 25 71 72 69 18 73 77 15 16 76 70 78 79 74 39 17 80 82 75 12 84 83 81 38 61 35 11 60 85 86 10 34 66 8 7 65 9 6 89 3 90 14 2 91 13 1 92 93 88 87 96 97 5 98 99 4 101 102 95 94 100
49-> 48 45 50 40 55 56 59 104 47 44 51 54 57 105 41 46 43 52 53 58 42 32 33 31 36 30 62 37 64 29 28 22 63 23 67 27 21 20 68 24 103 71 19 26 72 25 15 77 78 18 73 69 79 82 16 76 80 70 74 83 84 12 17 75 11 81 39 10 85 86 61 38 35 60 7 6 34 8 9 66 3 89 65 2 90 91 1 92 14 93 13 96 97 88 87 98 5 99 101 4 102 95 94 100
50-> 48 55 45 56 49 51 47 54 40 44 57 59 105 104 52 46 53 43 58 41 42 62 36 64 63 33 32 37 31 67 30 68 71 28 72 29 27 69 23 73 77 22 24 20 76 78 79 26 70 21 74 19 80 103 82 25 75 84 83 18 81 39 16 15 61 17 85 86 38 60 12 35 11 66 10 34 65 89 90 8 7 9 91 6 92 93 14 3 13 2 88 87 96 1 97 98 99 5 101 102 4 95 94 100
51-> 47 54 44 57 52 46 53 43 58 50 48 55 41 45 56 42 105 49 104 40 59 62 63 36 37 64 33 32 31 69 67 39 30 70 27 73 68 26 28 61 74 72 24 25 76 23 38 71 75 60 77 19 80 29 18 20 81 79 22 16 35 78 21 103 17 82 84 83 66 34 65 86 15 12 85 89 90 11 10 14 8 9 13 88 87 7 93 91 6 3 92 98 2 5 99 96 1 97 4 95 94 101 102 100
52-> 46 53 43 58 51 47 54 41 42 44 57 50 48 55 45 56 105 62 104 63 49 37 36 40 59 39 61 64 38 33 60 69 70 26 74 27 35 73 32 25 31 24 75 67 76 30 28 18 72 81 34 19 66 68 80 23 65 77 17 16 71 20 79 29 22 103 78 21 84 82 83 86 12 15 85 14 89 90 13 9 88 87 8 11 10 93 7 3 91 5 6 92 98 4 99 94 95 2 96 1 97 100 101 102
53-> 52 58 46 54 51 57 43 47 44 41 42 62 55 105 50 56 63 48 45 104 59 49 40 37 36 64 61 39 69 60 70 38 74 73 33 75 67 76 81 72 80 68 66 77 65 26 35 32 27 71 79 31 25 24 30 28 34 18 19 78 23 84 82 17 16 20 83 86 29 22 103 21 85 89 90 15 12 88 87 14 13 9 8 93 11 10 91 92 98 99 94 95 7 3 5 6 96 97 4 2 100 1 101 102
54-> 51 57 47 53 52 58 44 46 55 50 56 48 43 105 45 41 42 49 59 62 40 104 63 64 36 37 69 67 33 70 73 68 74 72 76 61 32 71 75 77 39 80 31 81 79 60 30 27 26 38 78 28 24 82 25 23 84 19 83 29 18 20 66 22 86 35 65 16 21 103 17 85 34 15 89 12 90 11 88 87 93 14 10 91 8 9 92 13 7 98 6 99 3 96 97 95 94 2 5 1 101 4 102 100
55-> 50 56 48 49 45 54 59 51 57 47 105 44 40 53 52 58 46 104 43 41 62 42 64 63 67 36 68 33 37 71 32 72 31 69 73 77 30 76 78 79 70 74 80 82 28 75 84 83 29 27 81 23 22 24 20 26 21 19 85 25 103 86 61 39 18 60 16 15 38 17 66 12 35 89 65 90 11 34 10 91 93 92 8 7 9 6 88 96 87 14 97 3 98 13 99 2 1 101 102 95 94 5 4 100
56-> 55 50 59 105 48 57 54 49 51 45 47 44 40 58 53 52 46 43 62 104 41 64 42 63 67 68 71 72 73 69 77 36 76 78 79 74 37 70 33 80 82 32 75 84 83 31 81 30 85 86 28 29 27 23 61 22 24 26 20 21 19 39 25 60 103 18 66 38 89 16 15 65 17 90 35 91 12 93 92 34 11 10 96 88 97 87 98 8 7 9 99 6 14 101 3 102 13 2 95 1 94 5 100 4
57-> 54 51 58 53 47 52 56 105 55 50 46 44 48 43 45 62 59 41 49 42 63 40 104 64 69 36 67 37 70 73 68 74 72 76 75 71 77 80 81 61 79 33 78 60 39 82 84 32 83 31 38 86 30 66 27 26 28 65 85 24 25 23 19 29 18 20 35 22 89 21 16 103 17 90 34 15 12 88 93 87 91 92 11 14 10 98 8 9 99 96 13 97 7 95 94 6 3 101 102 2 5 100 1 4
58-> 53 52 57 54 46 51 47 43 44 62 41 42 63 105 56 55 50 48 45 59 49 104 64 40 61 69 37 70 36 60 74 39 73 75 76 67 81 72 38 80 68 66 77 65 79 33 71 78 35 84 26 82 32 27 86 31 83 25 24 30 34 28 18 19 23 85 89 17 90 16 20 29 22 88 103 21 87 15 12 93 14 91 13 92 98 9 99 8 11 94 95 10 96 97 7 3 5 6 100 101 4 102 2 1
59-> 56 105 55 50 49 48 57 54 45 51 64 47 40 67 62 58 44 68 53 71 52 46 72 63 43 104 77 78 41 73 79 82 69 76 83 84 80 42 74 70 75 85 81 86 36 32 33 37 31 30 89 61 28 91 29 90 92 23 22 27 93 60 21 24 20 66 26 103 19 39 25 65 96 18 15 97 38 16 17 98 12 35 88 99 101 11 87 102 34 10 7 8 6 95 9 94 14 3 2 13 1 100 5 4
60-> 61 65 66 63 39 38 58 62 53 70 52 87 46 42 88 69 43 74 75 57 81 54 41 51 47 35 44 105 73 34 76 80 64 37 90 56 55 94 50 36 89 95 48 72 45 77 59 79 104 67 86 68 49 40 100 84 71 78 99 82 26 83 25 98 14 33 85 18 13 17 93 27 24 16 19 28 32 31 23 30 20 91 92 29 103 5 22 9 96 21 12 4 97 8 15 101 102 11 10 3 7 6 2 1
61-> 60 65 66 63 62 58 39 70 53 38 52 87 69 46 74 88 42 75 43 81 57 54 41 51 47 73 105 76 44 80 64 35 90 56 34 55 37 89 50 94 72 48 77 95 59 79 36 45 67 86 104 68 49 84 71 40 100 78 82 83 99 98 85 26 93 25 33 18 14 17 27 13 24 16 19 32 28 31 91 30 23 92 20 96 29 97 103 22 21 12 9 5 101 4 8 15 102 11 10 3 7 6 2 1
62-> 63 105 58 69 64 57 70 53 74 54 73 75 76 52 81 51 56 80 59 72 46 55 47 67 77 79 68 50 43 44 61 71 48 41 42 66 84 86 78 45 60 82 49 65 83 89 90 85 40 104 88 87 39 37 36 93 38 91 98 99 92 33 95 94 96 35 32 97 31 26 34 27 30 25 24 28 101 18 23 100 19 102 29 20 17 16 22 21 103 15 12 14 13 11 9 8 10 7 3 6 5 4 2 1
63-> 62 70 69 58 74 53 57 105 64 75 73 81 54 52 76 80 61 51 46 66 56 72 47 60 43 77 59 55 65 67 79 44 42 50 68 41 48 71 86 84 45 89 90 78 82 83 49 88 85 87 40 104 39 38 37 36 93 98 99 95 94 91 92 35 33 34 96 97 26 32 100 27 31 25 30 24 28 18 19 23 101 17 16 102 20 29 22 103 21 14 15 12 13 9 8 11 10 5 7 3 4 6 2 1
64-> 67 72 68 73 77 76 79 71 80 69 105 62 78 74 84 82 75 83 81 70 59 63 86 85 56 57 55 54 58 89 50 53 51 90 52 48 47 49 93 46 45 91 44 92 43 40 41 66 42 96 61 98 97 65 104 99 60 88 87 101 102 36 37 95 94 39 33 32 38 31 100 30 28 27 29 26 23 24 22 25 35 20 19 21 18 103 34 16 17 15 12 11 10 14 8 9 13 7 6 3 2 1 5 4
65-> 66 61 60 87 88 70 63 74 75 69 81 62 94 95 90 73 58 76 80 89 53 52 39 100 64 38 57 46 54 105 72 42 43 77 86 79 99 51 41 47 98 67 44 68 84 56 93 55 71 59 78 83 82 50 85 35 48 34 45 37 36 49 104 40 91 92 96 97 101 26 102 33 25 18 14 27 17 13 24 16 19 32 31 28 30 23 20 29 22 103 21 12 9 5 15 4 8 11 10 3 7 6 2 1
66-> 65 61 60 87 88 70 63 74 75 69 81 62 90 94 95 73 76 80 89 58 53 64 52 100 57 72 86 77 46 79 105 39 99 54 38 43 42 51 98 67 47 84 68 41 44 56 93 71 83 78 82 55 59 85 50 48 45 35 37 34 49 91 36 104 92 40 96 97 101 102 33 26 25 27 18 17 14 24 32 13 16 19 31 28 30 23 20 29 22 103 21 12 9 15 5 8 4 11 10 3 7 6 2 1
67-> 68 71 72 78 77 82 79 64 84 83 85 73 76 80 86 69 105 59 74 75 81 62 70 56 91 63 89 92 93 55 57 90 54 50 58 96 51 97 48 49 53 47 45 52 98 44 101 46 102 40 99 43 41 66 42 104 61 65 88 87 60 95 94 36 37 33 32 100 31 39 30 38 28 29 27 23 22 24 26 21 20 25 19 103 18 35 15 16 17 34 12 11 10 7 14 8 9 6 13 3 2 1 5 4
68-> 67 71 78 72 82 77 79 83 84 64 85 73 76 86 80 69 74 75 105 81 59 62 70 91 92 89 93 56 63 55 57 90 96 97 54 50 58 51 48 49 53 98 101 47 45 52 102 99 44 46 40 43 41 66 42 104 88 61 65 87 60 95 94 36 37 100 33 32 31 39 30 38 28 29 27 23 22 24 26 21 20 19 25 103 18 35 15 16 17 34 12 11 10 7 14 8 6 9 13 3 2 1 5 4
69-> 74 75 70 81 73 76 80 64 62 63 72 77 79 86 89 67 90 68 84 71 78 83 82 105 85 66 58 57 93 65 59 53 88 54 56 61 87 98 52 99 51 55 60 91 46 92 47 50 43 48 44 95 96 94 97 42 41 45 49 101 100 102 40 104 39 38 37 36 33 35 32 31 34 26 30 27 25 28 24 23 18 19 29 20 22 17 16 21 103 15 12 14 13 11 9 10 8 7 6 3 5 4 2 1
70-> 74 69 75 81 73 76 80 63 62 64 90 89 72 77 79 86 66 67 84 68 65 105 88 71 78 83 82 61 58 87 85 57 93 53 60 54 98 99 59 52 56 51 95 46 55 94 47 91 50 92 43 44 48 42 41 96 100 97 45 49 101 102 40 39 104 38 37 36 35 33 34 32 31 26 27 30 25 24 28 18 23 19 17 29 20 16 22 21 103 14 15 12 13 9 11 8 10 5 7 3 6 4 2 1
71-> 68 67 78 82 83 72 84 77 79 85 64 86 73 76 80 69 74 59 75 105 91 81 92 62 70 93 89 56 96 63 97 55 90 57 50 54 58 101 49 48 51 102 98 53 47 45 52 99 44 46 40 43 41 66 104 42 88 65 61 87 60 95 94 36 100 37 32 33 31 39 30 29 38 28 22 27 23 21 24 20 26 103 19 25 18 35 15 16 17 34 12 11 10 7 8 6 14 9 13 3 2 1 5 4
72-> 77 79 68 67 84 71 73 78 76 82 80 64 83 86 85 69 74 75 81 70 89 62 105 93 91 63 90 59 92 56 96 57 97 55 98 58 54 50 99 53 51 101 102 48 52 47 49 66 45 46 44 88 65 43 87 61 40 41 42 60 95 94 104 100 36 37 39 33 32 38 31 30 28 27 29 23 26 24 22 35 25 20 19 21 18 103 34 16 17 15 12 11 10 14 8 9 13 7 6 3 2 1 5 4
73-> 76 80 69 74 75 81 72 77 79 64 70 86 67 84 68 71 78 83 82 89 62 85 63 90 105 93 59 91 57 92 98 58 56 99 54 66 53 55 96 88 97 51 65 52 50 87 61 47 46 48 101 60 44 102 49 43 95 45 94 41 42 40 100 104 39 36 37 38 33 32 31 35 30 27 26 28 34 24 25 23 29 19 18 22 20 21 103 16 17 15 12 14 11 13 10 8 9 7 6 3 5 2 4 1
74-> 75 69 81 70 73 76 80 72 64 77 79 89 86 62 63 90 84 67 68 71 83 78 82 85 105 66 93 88 65 98 58 87 99 57 61 59 53 54 56 91 60 92 52 51 55 95 94 46 96 47 50 97 43 48 44 100 42 101 41 45 49 102 40 104 39 38 37 36 33 35 32 34 31 26 30 27 25 28 24 23 18 19 29 20 17 22 16 21 103 15 12 14 13 11 9 8 10 7 6 5 3 4 2 1
75-> 81 74 69 70 76 80 73 89 90 86 77 79 72 64 63 62 84 67 68 83 78 82 71 85 93 66 105 88 98 99 65 87 58 57 61 91 59 92 53 54 95 56 60 94 52 96 51 55 97 46 47 50 100 101 43 48 44 102 42 41 49 45 40 104 39 38 37 36 33 35 32 34 31 26 30 27 25 28 24 23 18 19 29 20 22 17 16 21 103 15 12 14 13 11 9 10 8 7 6 5 3 4 2 1
76-> 80 73 75 81 74 69 77 79 72 86 70 64 84 67 68 89 83 78 82 71 85 90 62 63 93 105 91 92 98 59 99 57 58 96 56 66 97 88 54 53 55 65 87 51 52 50 101 61 102 47 46 95 48 60 94 44 49 43 45 41 42 100 40 104 39 36 37 38 33 32 31 35 30 27 26 28 34 24 25 23 29 19 22 18 20 21 103 16 17 15 12 14 11 13 10 8 9 7 6 3 5 2 4 1
77-> 79 72 84 68 67 78 82 83 76 80 73 71 86 64 85 69 75 81 74 70 89 93 91 62 90 92 105 63 59 96 97 98 56 57 99 55 58 101 54 102 50 53 51 48 52 47 49 66 88 46 45 44 65 87 43 61 40 95 41 60 42 94 104 100 36 37 39 33 38 32 31 30 28 27 29 23 26 24 22 35 25 20 21 19 18 103 34 16 17 15 12 11 10 14 8 13 9 7 6 3 2 1 5 4
78-> 82 83 71 84 68 85 67 77 79 72 86 64 76 80 73 91 92 69 75 81 74 93 89 96 105 70 59 97 62 90 63 101 56 102 98 55 57 99 50 54 58 49 51 48 53 47 45 52 44 46 40 66 43 88 41 87 65 61 42 104 95 94 60 100 36 37 32 33 31 39 30 38 29 28 27 22 23 24 21 26 20 103 19 25 18 35 15 16 34 17 12 11 10 7 14 8 6 9 13 3 2 1 5 4
79-> 77 72 84 86 83 78 82 68 80 76 67 73 71 85 64 69 81 75 74 89 70 93 91 92 90 62 105 63 96 59 97 98 99 56 101 57 102 55 58 54 50 53 51 66 48 52 88 47 49 87 46 45 65 44 61 95 43 40 94 41 60 42 100 104 36 37 39 33 38 32 31 30 28 27 29 23 26 24 35 22 25 20 21 19 18 103 34 16 17 15 12 11 10 14 8 13 9 7 6 3 2 1 5 4
80-> 76 73 81 75 74 79 69 77 72 86 70 84 64 89 67 68 83 78 82 71 90 85 62 93 63 105 91 98 92 99 59 96 97 57 66 88 58 56 54 87 53 65 55 101 102 51 52 61 50 95 94 47 46 48 60 49 44 43 45 100 41 42 40 104 39 36 37 38 33 32 31 35 30 27 26 28 34 24 25 23 29 19 22 18 20 21 103 16 17 15 12 14 11 13 10 8 9 7 6 3 5 2 4 1
81-> 75 74 69 70 80 76 73 89 90 86 79 77 72 64 63 62 84 67 68 83 78 82 71 85 93 98 66 88 99 105 87 65 91 58 92 57 61 95 59 94 53 96 54 56 60 97 52 51 55 100 101 46 50 47 102 43 48 44 42 49 41 45 40 104 39 38 37 36 33 35 32 34 31 26 30 27 25 28 24 23 18 19 29 20 22 17 16 21 103 15 14 12 13 11 9 10 8 7 6 5 3 4 2 1
82-> 78 83 84 71 85 68 79 77 67 72 86 80 64 76 73 91 92 93 69 81 75 74 96 89 97 70 105 59 90 62 101 102 63 98 56 55 57 99 54 50 58 51 49 48 53 47 45 52 44 46 40 88 66 43 87 65 41 95 61 42 104 94 60 100 36 37 32 33 31 39 30 38 29 28 27 22 23 24 21 26 20 103 19 25 35 18 15 16 34 17 12 11 10 7 14 8 6 9 13 3 2 1 5 4
83-> 82 84 78 85 71 79 77 68 72 67 86 80 76 73 91 64 92 93 81 75 69 96 74 89 97 70 90 105 101 59 62 102 98 63 99 56 57 55 54 50 58 51 49 53 48 47 52 45 88 66 44 46 87 40 43 95 65 61 94 41 42 104 60 100 36 37 33 32 39 31 30 38 28 29 27 23 22 24 21 26 20 25 19 103 35 18 15 16 34 17 12 11 10 7 14 8 6 9 13 3 2 1 5 4
84-> 83 82 78 79 85 77 72 71 86 68 67 80 76 73 64 91 92 93 81 75 69 74 89 96 70 97 90 62 105 59 101 98 102 63 99 56 57 55 54 58 50 51 53 48 49 88 52 47 66 45 87 46 44 65 95 40 43 61 94 41 42 60 100 104 36 37 39 33 32 31 38 30 28 29 27 23 22 24 26 21 20 25 35 19 103 18 34 16 15 17 12 11 10 14 7 8 9 13 6 3 2 1 5 4
85-> 83 84 82 78 79 86 71 77 68 72 91 67 92 80 76 93 73 96 64 97 89 81 75 74 69 101 90 102 70 98 105 62 59 99 63 56 57 55 54 50 58 51 53 49 48 88 47 52 66 45 87 95 44 46 94 65 40 43 61 100 41 42 60 104 36 37 32 33 39 31 38 30 28 29 27 22 23 24 21 26 20 25 19 103 35 18 15 34 16 17 12 11 10 7 14 8 6 9 13 3 2 1 5 4
86-> 79 84 77 80 76 72 85 83 73 82 78 89 93 81 68 75 71 67 74 69 90 91 64 92 70 96 98 97 99 101 62 102 63 105 59 88 56 57 87 66 95 58 55 54 94 65 53 50 51 100 52 61 48 47 49 46 60 45 44 43 41 40 42 104 39 36 37 38 33 32 31 30 35 28 27 26 29 23 24 22 25 34 20 19 21 18 103 16 17 15 12 11 10 14 13 8 9 7 6 3 2 5 1 4
87-> 88 94 95 66 65 100 90 70 81 89 75 74 99 61 69 60 98 80 76 63 73 62 86 93 79 77 72 64 84 58 67 83 68 85 82 78 53 71 105 57 52 91 92 54 96 46 97 51 39 101 43 102 38 42 56 59 47 55 41 44 50 48 45 49 35 37 104 34 40 36 33 26 25 27 18 24 17 32 14 31 19 13 16 30 28 23 20 29 22 103 21 12 15 9 5 8 4 11 10 3 7 6 2 1
88-> 87 94 95 66 65 100 90 70 89 81 75 99 74 69 98 61 80 60 76 73 63 86 62 93 79 77 72 64 84 83 67 85 68 82 78 58 71 105 53 91 92 57 96 97 52 54 101 102 46 51 59 56 43 39 42 47 38 55 41 44 50 48 45 49 104 37 40 35 34 36 33 26 25 27 18 32 24 17 31 14 19 30 28 16 13 23 20 29 22 103 21 12 15 9 5 8 4 11 10 3 7 6 2 1
89-> 90 81 86 98 93 80 75 99 76 74 73 69 70 79 77 84 72 85 83 82 78 91 92 88 64 68 67 71 96 95 97 87 94 101 63 62 102 100 66 65 105 61 59 58 57 60 56 53 54 55 52 51 50 46 47 48 43 44 49 45 42 41 40 104 39 38 37 36 33 35 32 34 31 30 26 27 28 25 24 23 29 18 19 20 22 17 16 21 103 15 12 14 13 11 10 9 8 7 6 5 3 4 2 1
90-> 89 81 99 98 75 74 80 86 93 76 70 69 73 88 79 77 95 72 87 84 94 85 83 82 64 100 78 91 92 66 68 67 71 96 63 97 62 65 101 102 61 105 60 58 57 59 53 54 56 52 51 55 46 50 47 43 48 44 42 41 49 45 40 39 104 38 37 36 35 33 34 32 31 26 30 27 25 28 24 18 23 19 29 20 17 22 16 21 103 14 15 12 13 11 9 8 10 5 7 6 3 4 2 1
91-> 92 96 97 85 101 93 102 83 84 86 82 78 79 77 71 72 68 89 67 98 80 76 73 90 99 81 75 64 74 69 70 62 105 59 63 95 88 56 94 57 55 87 100 54 58 50 66 51 53 49 48 65 52 47 45 46 44 61 40 43 60 41 42 104 36 37 39 32 33 31 38 30 29 28 22 27 23 21 24 26 20 103 25 19 35 18 34 15 16 17 12 11 10 7 14 8 6 9 13 3 2 1 5 4
92-> 91 96 97 101 102 93 85 83 84 86 82 78 79 77 71 72 68 98 89 67 80 76 73 90 99 81 75 64 74 69 70 62 105 59 63 95 88 56 94 100 87 57 55 54 66 58 50 51 53 49 48 65 52 47 45 46 61 44 40 43 60 41 42 104 36 37 39 32 33 31 38 30 29 28 22 27 23 21 24 26 20 103 35 25 19 18 34 15 16 17 12 11 10 7 14 8 6 9 13 3 2 1 5 4
93-> 98 92 91 86 89 96 97 99 101 85 90 102 84 83 79 80 77 82 76 78 72 81 73 75 74 71 68 67 69 70 64 95 88 94 62 100 87 63 105 66 59 65 56 57 58 55 54 61 53 50 51 60 52 48 47 49 46 45 44 43 41 40 42 104 39 36 37 38 33 32 31 30 35 28 27 26 29 34 23 24 25 22 20 19 21 18 103 16 17 15 12 11 14 10 13 8 9 7 6 3 2 5 1 4
94-> 95 100 88 87 99 90 98 89 66 65 81 75 70 74 69 93 80 76 73 86 61 60 63 79 77 72 62 84 64 85 83 92 91 96 97 101 82 102 78 68 67 71 58 105 53 57 52 54 46 59 51 56 43 39 47 55 42 38 41 44 50 48 45 49 40 104 37 35 34 36 33 26 25 27 32 18 24 31 17 14 30 19 28 16 13 23 20 29 22 103 21 12 15 9 5 8 4 11 10 3 7 6 2 1
95-> 94 100 88 87 99 90 98 89 66 65 81 75 70 74 93 69 80 76 86 73 61 79 77 60 63 72 84 62 85 96 92 97 64 91 83 101 102 82 78 68 67 71 58 105 53 57 52 54 59 46 51 56 43 55 47 42 39 50 44 38 41 48 45 49 40 104 37 35 36 34 33 26 25 27 32 31 18 24 30 17 28 19 14 16 23 13 20 29 22 103 21 12 15 9 8 5 4 11 10 3 7 6 2 1
96-> 97 92 101 91 102 93 85 86 83 84 82 98 78 79 89 77 99 71 72 68 80 90 67 76 73 81 75 74 64 69 70 62 95 105 59 63 88 94 100 87 56 57 66 55 58 54 50 65 53 51 49 48 52 47 45 61 46 44 60 40 43 41 42 104 36 37 39 32 33 38 31 30 29 28 22 27 23 21 24 26 20 35 25 103 19 18 34 15 16 17 12 11 10 14 7 8 6 9 13 3 2 1 5 4
97-> 96 101 92 102 91 93 85 86 83 84 98 82 78 89 79 99 77 71 72 68 90 80 76 67 73 81 75 74 64 69 70 95 62 105 88 100 59 94 63 87 56 66 57 55 58 54 65 50 53 51 49 48 52 47 61 45 46 44 60 40 43 41 42 104 36 37 39 32 33 38 31 30 29 28 27 22 23 24 21 26 20 35 25 103 19 18 34 15 16 17 12 11 10 14 7 8 6 9 13 3 2 1 5 4
98-> 99 93 89 90 86 96 97 101 92 102 95 91 81 80 75 76 100 94 74 85 79 73 84 88 77 83 70 69 72 82 87 78 68 71 67 64 66 63 62 65 105 61 59 60 58 57 56 53 54 55 52 51 50 46 47 48 43 44 49 45 42 41 40 104 39 38 37 36 33 35 32 34 31 30 26 27 28 25 24 23 29 18 19 22 20 17 21 16 103 15 14 12 13 11 10 9 8 7 6 5 3 4 2 1
99-> 98 90 89 93 95 100 94 86 81 88 75 80 97 96 76 101 74 102 92 87 91 73 70 79 69 84 85 77 72 83 82 78 68 71 67 66 64 65 63 62 61 105 60 59 58 57 53 56 54 52 55 51 46 50 47 48 43 44 49 42 45 41 40 39 104 38 37 36 35 33 34 32 31 26 30 27 25 28 24 23 18 19 29 20 22 17 16 21 103 14 15 12 13 11 9 10 8 5 7 6 4 3 2 1
100-> 95 94 88 87 99 98 90 89 66 65 81 93 75 70 74 69 80 86 76 73 79 61 77 60 101 97 102 72 96 84 63 92 91 85 83 62 64 82 78 68 67 71 105 58 53 57 52 54 59 46 56 51 55 43 47 39 42 50 38 44 41 48 45 49 40 104 37 35 36 34 33 26 25 27 32 18 31 24 17 30 28 19 14 16 23 13 20 29 22 103 21 12 15 9 5 8 4 11 10 3 7 6 2 1
101-> 102 97 96 92 91 93 98 85 86 83 84 99 82 89 78 79 77 90 71 72 80 68 76 67 73 81 75 74 69 64 70 95 100 94 88 62 105 63 87 59 56 66 57 55 65 58 54 50 53 51 49 48 61 52 47 45 46 60 44 40 43 41 42 104 36 39 37 32 38 33 31 30 29 28 27 22 23 24 26 21 35 20 25 103 19 34 18 15 16 17 12 11 10 14 7 8 6 13 9 3 2 1 5 4
102-> 101 97 96 92 91 93 98 85 86 99 83 84 89 82 78 79 90 77 71 72 80 68 76 67 73 81 75 74 69 64 70 95 100 94 88 62 87 63 105 59 66 56 57 65 55 58 54 50 53 51 49 48 61 52 47 45 60 46 44 40 43 41 42 104 36 39 37 38 32 33 31 30 29 28 27 22 23 24 26 35 21 20 25 19 103 34 18 15 16 17 12 11 10 14 7 8 13 6 9 3 2 1 5 4
103-> 21 20 15 22 23 29 28 30 31 12 32 11 19 24 10 33 27 7 16 6 18 25 26 3 17 8 2 1 36 104 9 37 40 45 44 41 49 48 47 42 43 50 51 46 55 52 54 14 56 53 35 57 13 5 34 58 59 4 39 105 38 62 63 64 67 61 60 68 71 69 72 73 70 77 74 78 76 79 82 80 75 81 84 83 66 65 85 86 89 90 91 92 88 87 93 96 97 98 99 101 94 95 102 100
104-> 40 45 44 48 47 41 33 36 49 50 43 51 32 46 42 55 31 37 54 30 52 56 28 57 27 53 23 24 29 20 58 26 19 22 25 21 103 59 18 105 16 15 17 12 62 11 63 39 10 35 38 64 8 34 9 7 6 3 67 14 68 61 69 71 2 60 72 73 70 13 1 74 77 76 79 75 80 78 81 82 84 83 5 66 65 86 85 4 89 90 91 88 87 93 92 96 98 97 99 95 94 101 102 100
105-> 56 59 57 55 54 62 50 64 51 58 48 53 47 63 52 49 45 44 67 46 68 72 43 69 73 71 40 77 41 76 79 74 70 80 42 78 75 104 82 81 84 83 86 85 36 61 37 89 60 66 33 90 32 65 31 39 91 93 30 92 28 38 27 29 23 26 24 22 25 20 88 19 21 96 87 18 103 98 97 35 99 16 17 15 34 101 12 102 95 94 11 10 14 8 100 9 7 13 6 3 2 1 5 4